0.934906, 0.7518463, 8.982895 0.60801697, 1.2356415, 
8.5121765 0.71261597, 1.8109589, 8.002228 0.04576111, 
2.3732147, 8.185287 -0.3988037, 2.7654724, 8.917526 -0.
60801697, 3.2100525, 9.584366 -0.9218292, 3.5369263, 10.198
914 -2.0594025, 3.5238647, 10.447342 -3.0531464, 3.1315918, 10.800
4 -3.0269775, 1.4579163, 11.310333 -2.464737, 0.9871979, 9.50592 -2.05940
25, 1.2225647, 9.035187 -2.7262573, 1.2225647, 7.989151 -2.1640015, 1.889419
6, 7.3092194 -1.8109589, 2.190155, 8.381424 -1.039505, 3.0792847, 8.564468 0.28
112793, 3.9945679, 9.270554 2.1116943, 3.4846344, 9.584366 4.6614227, 1.5102234, 1
.781052 5.4328766, 0.38572693, 11.088043 5.6682434, 0.16345215, 7.753784 6.465851, 
-0.2288208, 6.1193542 4.1907043, 0.04576111, 6.838501 2.0463104, 1.5756073, 7.976074 2.5954895, 1.8501892, 9.571289 0.9479828, 2.4778137, 9.179016 0.21574402, 1.9024963, 11.493393 -0.8825989, 0.9479828, 12.4479065 -1.7717285, 0.6210785, 10.630402 -0.18959045, 0.32034302, 9.571289 0.9479828, 0.97413635, 6.668518 -0.35957336, 1.6802063, 7.1392365 1.6017609, 1.7717285, 5.6617126 1.5756073, 1.6671295, 8.930588 1.1833344, 2.2293854, 14.134659 2.687027, 2.4516602, 12.565582 5.798996, 0.80415344, 11.310333 4.0730286, -0.032684326, 10.538879 1.8763428, 0.2288208, 9.453613 0.17651367, 1.7978821, 6.1585846 -0.5949402, 2.5431824, 3.8572845 -2.1640015, 1.5886841, 2.6543427 -4.138397, -1.2225647, 1.9482574 -6.073593, -5.5113373, -0.44456482 -11.316864, -12.402145, -0.026153564 -16.390182, -18.730698, 0.8106842 -14.781891, -15.396439, 8.969818 -12.585205, -8.021835, 7.884552 -9.381699, -5.6028748, 3.6480713 -7.9826202, -6.243576, 1.2029572 -11.290726, -8.191818, 1.9090271 -15.383362, -6.282791, 6.2762604 -12.781342, -5.6028595, 6.0539703 -12.009888, -9.250946, 2.9942932 -9.891647, -9.172485, 4.092636 -7.603424, -9.107101, 2.9681396 -7.0281067, -9.904724, 2.2097626 -5.5505676, -10.636948, 1.8044128 -4.2430115, -11.682999, 1.7259674 -1.863266, -11.866043, 0.23536682 1.536377, -11.748367, 1.3467712 -1.4971466, -13.121292, 0.40533447 -3.288498, -12.833633, 1.1375732 -3.9291992, -10.558487, 3.399643 -6.021286, -9.015579, 2.4974365 -8.008774, -8.374878, 1.8044281 -9.80011, -9.133255, 1.9613342 -13.395889, -9.250946, 1.9351807 -12.611359, -8.178757, 2.3013 -10.846161, -8.100296, 0.92836 -10.140076, -10.24469, 2.8766174 -7.681885, -9.420929, 4.7333527 -7.394211, -10.244675, 2.7197113 -6.897354, -11.5130005, 1.974411 -5.0144653, -11.892197, 1.4383087 -3.2492676, -11.578384, -0.18305969 0.4903412, -11.107666, -1.3337097 -1.3271637, -10.140076, -0.5884094 -3.8638153, -11.866043, -1.1637268 -5.0144653, -9.6562805, 1.2421722 -5.589798, -8.087219, 1.9874725 -6.5966034, -8.492569, 1.9221039 -10.806931, -7.7341766, 1.4252319 -15.10878, -6.79274, 2.8635406 -14.376556, -7.53804, 4.053421 -12.938232, -6.0997314, 2.0005646 -13.735855, -7.825714, 2.5235748 -10.846161, -9.368622, 4.7333527 -8.780212, -9.943939, 4.5764313 -7.119629, -11.4084015, 3.6219177 -6.1520386, -11.199188, 4.4064484 -6.138962, -11.003067, 2.6543274 -6.505081, -9.159409, 1.2290955 -6.884262, -6.073578, 2.0005646 -8.034912, -3.1577454, 4.7725677 -8.440262, -2.2424622, 6.5246887 -5.132141, -1.1833344, 7.649185 -1.5233002, -0.17652893, 6.786194 1.8894196, -0.34651184, 8.825989 3.7069244, -0.8825989, 9.5451355 5.0013885, -1.7978821, 9.126724 5.8251495, -4.3606873, 10.918076 3.5238647, -5.9820557, 13.023239 2.3732147, -5.8905334, 12.526367 0.43803406, -4.883713, 12.774796 -1.4579163, -2.464737, 9.113647 -1.967865, -0.8825989, 6.668518 -1.5756073, -0.25497437, 5.3740387 -1.9417114, -0.04576111, 5.478653 -0.4903412, 0.34649658, 8.459869 1.3533173, 0.0065307617, 12.65712 2.2686005, -0.83029175, 13.3762665 1.8763428, -0.7518463, 11.558777 2.687027, -0.09806824, 8.172211 2.7131653, 0.5034027, 6.145508 2.1116943, 0.42495728, 7.832245 1.2748718, 0.5949402, 9.179031 1.2748718, 0.5949402, 9.179031 5.0030365, -0.20921326, 12.0867 2.7229767, -1.6900177, 12.099777 1.8550873, -2.0806427, 11.182846 0.60310364, -0.390625, 7.469406 -0.37101746, 1.325531, 7.4726715 -0.42985535, 2.0724792, 8.852142 -0.94306946, 2.324173, 9.827896 -0.67993164, 2.7344208, 9.643204 -0.78616333, 2.37648, 10.963837 -0.25170898, 1.6654968, 10.985077 -0.15364075, 1.8109589, 9.386597 0.91529846, 2.4157104, 8.20163 0.8548126, 2.9975739, 7.1163635 0.97740173, 3.177353, 8.43045 1.6687622, 3.9046783, 8.969818 2.732788, 4.1433105, 9.834442 3.971695, 3.7771912, 10.641846 4.2887726, 2.3339844, 12.02623 4.432602, 1.1620941, 8.942032 2.8831482, 0.82865906, 8.4778595 2.8831482, 0.82865906, 8.4778595 -1.4840698, 4.0076447, 7.609955 -1.6802063, 3.1969604, 11.349564 -1.9286499, 1.4317627, 13.951599 -2.255539, 1.1048889, 10.682709 -0.5818634, 1.7717285, 8.708313 0.6341553, 2.22937, 7.3615265 1.4579315, 2.4385834, 7.7014923 2.687027, 2.2555237, 9.205185 2.190155, 2.4124298, 9.858948 1.6932831, 2.3993683, 12.369461 2.6477966, 1.4448547, 13.049377 1.6540527, 2.22937, 6.903885 0.7779999, 1.0787354, 9.3359375 0.35957336, 1.0656586, 10.21199 0.32034302, 2.5824127, 7.8583984 0.3334198, 3.1708221, 7.7930145 0.18959045, 3.6415405, 7.505356 -0.13729858, 3.1969757, 10.303513 0.084991455, 1.8240356, 13.245514 -0.62109375, 1.4579315, 10.499649 0.5949402, 1.9024811, 7.38768 1.1702576, 1.8763428, 8.525253 0.18959045, 1.6148376, 9.741272 0.09806824, 1.8371124, 8.865219 0.09806824, 1.8894196, 9.68898 -0.66030884, 2.3862915, 10.656555 -1.8109589, 2.5301208, 11.611069 -2.137848, 2.4255066, 11.951035 -0.13729858, 2.5039673, 10.983444 1.3140869, 2.7785492, 7.596878 2.3862762, 2.7785492, 7.6884155 2.6739502, 2.8700714, 8.302963 1.3794708, 2.5301208, 9.205185 1.3010254, 2.6739502, 9.309784 1.0525818, 3.2623444, 9.257477 0.84336853, 3.2231293, 9.858948 0.64723206, 3.5761566, 8.969818 0.019622803, 2.843933, 8.656006 0.07191467, 2.0594025, 11.401871 0.11114502, 3.183899, 8.342194 0.6080017, 2.464737, 9.126724 0.89567566, 1.9024963, 10.329666 0.62109375, 2.2555237, 9.64975 0.07191467, 2.294754, 9.584366 -0.34649658, 2.7131805, 9.715118 -0.5687866, 2.464737, 10.120468 0.21574402, 2.3078308, 9.479767 0.45111084, 2.6608734, 7.9629974 0.032684326, 2.7523956, 9.165955 0.15037537, 2.961609, 9.623596 -0.11114502, 3.4061737, 9.009048 -0.21574402, 3.066208, 9.741272 -0.26805115, 3.5238647, 8.878281 -0.20266724, 3.5630798, 9.453613 -0.3072815, 3.3669434, 9.270554 -0.25497437, 3.4192505, 8.865219 -0.32035828, 3.5369263, 9.087494 0.09806824, 3.4061737, 9.218246 -0.084991455, 3.340805, 9.192093 -0.16345215, 3.4192505, 9.205185 0.019607544, 3.340805, 9.309784 0.084991455, 3.3146515, 9.309784 -0.019607544, 3.4323273, 9.28363 -0.084991455, 3.3669586, 9.2444 0.032684326, 3.3146515, 9.349014 -0.04576111, 3.3538818, 9.270554 -0.09806824, 3.288498, 9.309784 -0.20266724, 3.3015747, 9.362076 -0.24189758, 3.3146515, 9.179031 -0.28111267, 3.288498, 9.231323 -0.13729858, 3.2754211, 9.309784 -0.15037537, 3.288498, 9.192108 -0.24189758, 3.288498, 9.270554 -0.30726624, 3.3538818, 9.126724 -0.12420654, 3.1969757, 9.414383 -0.05883789, 3.1315918, 9.375153 0.032684326, 3.1577454, 9.296707 0.13729858, 3.1315918, 9.322861 0.11114502, 3.1708221, 9.322861 0.019622803, 3.183899, 9.309784 0.019607544, 3.0792847, 9.375153 -0.1503601, 3.1708221, 9.414383 0.18959045, 3.183899, 9.532059 0.26805115, 3.1969757, 9.4405365 0.33343506, 3.3146515, 9.309784 0.5034027, 3.4323273, 9.113647 0.5687866, 3.5369415, 9.192108 0.55570984, 3.6023102, 9.179016 0.4903412, 3.4846344, 9.505905 0.2288208, 3.4192505, 9.453613 0.34649658, 3.7069092, 8.812912 0.42495728, 4.099182, 8.4991 0.24189758, 3.9945831, 8.969818 0.4118805, 3.8507538, 8.904449 0.3334198, 3.9815063, 8.956741 0.32034302, 4.0207214, 9.048264 0.2942047, 4.033798, 8.943665 0.28112793, 4.033798, 8.956741 0.2942047, 4.0207214, 8.878296 0.16345215, 4.0076447, 9.100571 0.29418945, 4.0207214, 9.087494 0.3334198, 4.0207214, 8.904434 0.26805115, 4.046875, 9.06134 0.3334198, 4.033798, 9.022125 0.3072815, 4.033798, 8.969818 0.38572693, 4.0207214, 8.904434 0.3072815, 4.0076447, 9.022125 0.3072815, 4.033798, 8.995972 0.35957336, 4.033798, 8.943665 0.38572693, 4.0076447, 9.087494 0.37265015, 4.0076447, 9.02211 0.35957336, 3.9945831, 8.956741 0.3334198, 4.0076447, 8.917511 0.4118805, 4.0207214, 8.995972 0.35957336, 4.0076447, 9.087494 0.37265015, 3.9815063, 8.891357 0.3334198, 3.9945831, 8.982895 0.37265015, 4.0207214, 8.956741 0.2942047, 4.0076447, 9.048264 0.2288208, 4.059952, 8.995972 0.2288208, 4.059952, 8.904434 0.3334198, 3.9815063, 8.956741 0.35957336, 3.942276, 9.100571 0.34649658, 3.9553528, 8.969818 0.32034302, 3.9684296, 9.048264 0.34649658, 3.9291992, 8.982895 0.34649658, 3.942276, 9.022125 0.42495728, 3.9815063, 9.06134 0.3988037, 3.942276, 9.035202 0.47724915, 3.8899689, 9.035202 0.43803406, 3.942276, 9.048279 0.43803406, 3.9553528, 9.009048 0.43803406, 3.9161224, 8.995972 0.42495728, 3.9030457, 9.074417 0.42495728, 3.9030457, 8.943665 0.32034302, 3.9161224, 9.009048 0.38572693, 3.9030457, 9.113647 0.37265015, 3.9030457, 9.100571 0.43803406, 3.8638153, 8.917511 0.37265015, 3.837677, 8.982895 0.32034302, 3.837677, 9.126724 0.3334198, 3.9030457, 9.06134 0.34649658, 3.876892, 9.100571 0.42495728, 3.8507385, 9.074417 0.3988037, 3.7984467, 8.995972 0.34649658, 3.7984467, 9.048279 0.34649658, 3.7853699, 9.152878 0.3334198, 3.7461395, 9.035202 0.28112793, 3.7069092, 9.113647 0.2942047, 3.719986, 9.126724 0.28112793, 3.667694, 9.20517 0.3072815, 3.6938324, 9.165955 0.18959045, 3.6807709, 9.100571 0.2288208, 3.667694, 9.165955 0.2288208, 3.667694, 9.192108 0.25497437, 3.5892334, 9.231323 0.24189758, 3.550003, 9.20517 0.20266724, 3.6023102, 9.192108 0.21574402, 3.5369263, 9.152878 0.26805115, 3.510788, 9.139801 0.28112793, 3.5630798, 9.126724 0.2288208, 3.5630798, 9.2444 0.26805115, 3.5630798, 9.192108 0.21574402, 3.6023102, 9.152878 0.26805115, 3.5369263, 9.257477 0.26805115, 3.5630798, 9.165955 0.3988037, 3.5630798, 9.100571 0.3072815, 3.5238647, 9.192108 0.46417236, 3.510788, 9.2444 0.3988037, 3.550003, 9.179031 0.54263306, 3.4977112, 9.192108 0.5295563, 3.4061737, 9.205185 0.63417053, 3.4715576, 9.165955 0.7518463, 3.4323273, 9.309784 0.7649231, 3.445404, 9.179016 0.7779846, 3.4584808, 9.100571 0.6995392, 3.4977112, 9.218246 0.7518463, 3.4977112, 9.192108 0.8041382, 3.4846344, 9.179016 0.8564453, 3.4715576, 9.28363 0.7518463, 3.445404, 9.218246 0.79107666, 3.4846344, 9.139801 0.8041382, 3.445404, 9.165955 0.7518463, 3.4846344, 9.231323 0.7779846, 3.4846344, 9.074417 0.84336853, 3.4323273, 9.20517 0.81721497, 3.4323273, 9.296707 0.81721497, 3.4584808, 9.192093 0.72569275, 3.4715576, 9.139801 0.8041382, 3.5238647, 9.231323 0.81721497, 3.4715576, 9.139801 0.8825989, 3.4061737, 9.231323 0.89567566, 3.4061737, 9.231323 0.7910614, 3.4584808, 9.257477 0.71261597, 3.4584808, 9.257477 0.7779846, 3.4584808, 9.20517 0.83029175, 3.4192505, 9.139801 0.7779999, 3.510788, 9.179031 0.8041382, 3.4977112, 9.152878 0.84336853, 3.4323273, 9.20517 0.84336853, 3.4584808, 9.165955 0.8041382, 3.4584808, 9.218246 0.73876953, 3.4584808, 9.257477 0.7649231, 3.4715576, 9.179031 0.7910614, 3.4584808, 9.218246 0.7649231, 3.4323273, 9.192108 0.8041382, 3.4846344, 9.152878 0.7910614, 3.4715576, 9.192093 0.7910614, 3.4715576, 9.2444 0.8695221, 3.4584808, 9.152878 0.84336853, 3.393097, 9.20517 0.8041382, 3.4584808, 9.218246 0.8041382, 3.4715576, 9.139801 0.7910614, 3.3538818, 9.28363 0.7779999, 3.4061737, 9.192108 0.7779999, 3.445404, 9.192108 0.7779999, 3.3800201, 9.192108 0.83029175, 3.3538818, 9.20517 0.83029175, 3.3538818, 9.20517 0.823761, 3.3440704, 9.277084 0.77471924, 3.3734894, 9.316315 0.7551117, 3.363678, 9.218246 0.85317993, 3.334259, 9.247665 0.9120178, 3.2950287, 9.306519 0.78453064, 3.2950287, 9.247665 0.8924103, 3.2656097, 9.16922 0.9806671, 3.2558136, 9.267288 0.78453064, 3.2950287, 9.277084 0.8139496, 3.2460022, 9.3359375 1.039505, 3.2361908, 9.345734 0.9218292, 3.2558136, 9.267288 1.0296936, 3.2165833, 9.286896 0.823761, 3.30484, 9.179031 0.9610443, 3.2950287, 9.228058 0.93162537, 3.2656097, 9.237869 0.8335724, 3.3146515, 9.198639 0.9022064, 3.2361908, 9.247665 0.9022064, 3.2165833, 9.247665 0.9022064, 3.2165833, 9.247665 1.0787354, 3.0400543, 9.545151 1.0264282, 3.1708221, 9.231323 0.73876953, 3.1969757, 9.584366 0.46418762, 3.3146515, 8.943665 0.55570984, 3.2754211, 9.270554 0.6341553, 3.2623444, 9.270554 0.73876953, 3.223114, 9.296707 0.72569275, 3.1577454, 9.348999 0.6733856, 3.1054382, 9.126724 0.72569275, 3.013916, 9.165955 0.9479828, 2.961609, 9.28363 1.2094879, 3.1577454, 9.46669 1.0133514, 3.2361908, 10.65657 1.2225647, 2.2555237, 11.467239 1.1048889, 2.124771, 8.708298 1.2356415, 2.5824127, 7.38768 1.4448547, 3.0923615, 7.9499207 1.9940186, 2.9746857, 9.95047 2.294754, 3.667694, 9.20517 2.6085663, 3.4192505, 8.054535 3.0400696, 3.2361908, 7.9499207 2.621643, 2.8962402, 9.2444 2.0070953, 2.294754, 10.865768 1.6671295, 2.124771, 9.4405365 0.8041382, 2.137848, 9.2444 0.5818634, 1.640976, 10.055084 0.04576111, 1.536377, 10.133545 0.32035828, 1.3271637, 10.17276 0.1242218, 1.6278992, 9.349014 -0.55570984, 1.470993, 10.643494 -0.6080017, 1.7063599, 9.728195 -0.84336853, 2.0594025, 9.322861 -1.0656586, 2.137848, 9.257477 -1.3010254, 2.0463257, 9.42746 -1.366394, 1.9286346, 9.218246 -1.431778, 2.0593872, 9.035187 -1.2748718, 2.1640015, 9.231323 -1.3402405, 2.464737, 9.518982 -1.470993, 2.8700714, 8.943665 -1.2356415, 2.9093018, 9.20517 -1.0787354, 2.5954895, 8.969818 -0.89567566, 2.033249, 10.21199 -1.2748718, 2.0593872, 9.5451355 -1.5233002, 1.9940186, 9.728195 -2.0593872, 1.8240356, 9.950485 -2.0593872, 1.9286346, 9.532074 -2.2816772, 2.0724792, 8.878296 -2.033249, 2.3339844, 9.375168 -1.9547882, 2.2032318, 9.4405365 -1.2356415, 1.9286346, 9.388229 -1.0002747, 1.6017609, 9.179031 -0.66030884, 1.6802063, 9.009048 -0.16345215, 1.7717438, 9.06134 0.0065307617, 1.6671295, 9.518982 0.73876953, 1.3271637, 10.185837 0.8695221, 1.4448547, 9.976639 0.64723206, 1.470993, 10.669632 0.5295563, 1.7455902, 10.447357 0.8825989, 1.6017609, 10.35582 0.8825989, 1.6932831, 10.002777 0.6864624, 1.7978821, 9.819717 0.6472473, 1.9024963, 9.597443 1.0133514, 1.9809418, 9.845871 1.1833344, 2.2032318, 9.28363 0.7649231, 2.3339844, 8.852142 1.1702576, 2.137848, 9.309784 1.7717438, 1.9940186, 9.754349 2.0594025, 1.6932831, 9.388229 1.967865, 1.4971466, 9.885101 1.6278992, 1.5625305, 9.492828 1.536377, 1.640976, 9.335922 1.7455902, 1.6932831, 9.401306 1.6017609, 1.7978821, 9.636673 1.8109589, 1.6802063, 9.662811 1.7194366, 1.7848053, 9.414383 1.536377, 1.9155731, 9.675903 1.4579163, 2.1116943, 9.401306 1.4448547, 2.137848, 9.375153 1.5494537, 2.0594025, 9.453613 1.3794708, 2.124771, 9.50592 1.5625305, 2.0724792, 9.623596 1.5233002, 2.137848, 9.4405365 1.431778, 2.2163086, 9.362091 1.4056244, 2.2032318, 9.453613 1.3794708, 2.2163086, 9.335922 1.5886841, 2.0855408, 9.46669 1.6540527, 2.085556, 9.4405365 1.6540527, 2.124771, 9.46669 1.6540527, 1.9940186, 9.558212 1.6671295, 2.0463257, 9.42746 1.5886841, 2.0070953, 9.532059 1.5886841, 2.0070953, 9.505905 1.5886841, 1.9547882, 9.532059 1.6278992, 1.9547882, 9.5451355 1.5886841, 2.0070953, 9.479767 1.536377, 1.9286499, 9.532059 1.470993, 1.967865, 9.571289 1.4448547, 1.9940186, 9.50592 1.366394, 2.0463257, 9.388229 1.3010254, 2.0463257, 9.46669 1.2356415, 1.9024963, 9.675888 1.144104, 1.9940186, 9.571289 1.039505, 1.9940186, 9.675888 0.9741211, 2.0070953, 9.610519 0.9871979, 1.9286346, 9.610519 0.90875244, 1.8894196, 9.610519 1.0264282, 1.9024963, 9.741272 1.0264282, 1.9809418, 9.532059 1.039505, 2.0986176, 9.401306 0.83029175, 2.124771, 9.754349 0.89567566, 2.137848, 9.793579 0.8564453, 2.2032318, 9.518982 0.8041382, 2.190155, 9.532059 0.8695221, 2.2293854, 9.518997 0.83029175, 2.190155, 9.702042 0.8564453, 2.294754, 9.597443 0.7649231, 2.4908905, 9.362076 0.81721497, 2.6608734, 9.257477 0.9741211, 2.8177795, 9.518982 1.1702576, 2.9746857, 9.42746 1.1833344, 3.066208, 9.296707 1.2225647, 3.1446686, 9.20517 1.2748718, 3.3015747, 9.100571 1.4448547, 3.445404, 9.087494 1.5494537, 3.4192505, 9.270554 1.5233002, 3.6546173, 8.878296 1.7194366, 3.6023102, 9.009048 1.4579163, 3.5630798, 8.917511 1.4579163, 3.445404, 9.100571 1.3533173, 3.4715576, 9.113647 1.1964111, 3.4192505, 9.231323 1.1571808, 3.393097, 9.414383 1.039505, 3.4192505, 9.087494 2.2032318, 1.2356415, 9.5451355 2.124771, 1.536377, 9.048279 2.5824127, 1.6932831, 9.100571 1.7063599, 1.3533173, 8.865219 1.3402405, 1.4579163, 8.917511 1.1964111, 1.4840698, 8.930588 0.8041382, 1.8240356, 8.786758 1.4840698, 1.6017456, 9.218246 1.6802063, 1.9547882, 9.218246 1.2094879, 2.1640015, 9.100571 0.6733856, 2.6347198, 8.72139 0.46418762, 3.223114, 8.31604 0.46417236, 3.3277283, 8.368332 0.62109375, 3.3015747, 8.5121765 0.66030884, 3.340805, 8.4991 0.66030884, 3.3277283, 8.486023 0.71261597, 3.2361908, 8.747543 0.7649231, 3.2623444, 8.394485 0.73876953, 3.183899, 8.682159 0.6995392, 3.2623444, 8.564468 0.71261597, 3.2361908, 8.656006 0.72569275, 3.1969757, 8.603699 0.6995392, 3.118515, 8.812912 0.66030884, 3.0792847, 8.773682 0.60801697, 3.053131, 8.433716 0.6210785, 2.9746857, 8.7213745 0.63417053, 2.9354553, 8.878296 0.71261597, 2.8831482, 8.669083 0.6864624, 2.843933, 8.799835 0.6995392, 2.791626, 9.113647 0.81721497, 2.8308563, 8.812912 0.8564453, 2.7785492, 8.695236 1.4448395, 2.6477966, 9.898178 1.0918121, 3.013916, 8.891373 1.3010254, 2.896225, 8.394485 1.3402405, 2.687027, 8.72139 1.0918121, 2.2816772, 9.767426 1.3794708, 2.2293854, 8.512161 1.327179, 2.687027, 8.551407 1.1310425, 2.3470612, 9.401306 0.90875244, 2.360138, 9.571289 0.72569275, 2.4385834, 9.571289 0.46417236, 2.5431976, 9.532059 0.3334198, 2.6739502, 9.414383 0.25497437, 2.7393188, 9.231323 0.2288208, 2.7654724, 9.296707 0.18959045, 2.726242, 9.584366 0.17651367, 2.8047028, 9.362076 0.1242218, 2.726242, 9.28363 0.2288208, 2.5824127, 9.532074 0.18959045, 2.6477966, 9.388229 0.26805115, 2.5954895, 9.571289 0.26805115, 2.6477966, 9.492844 0.25497437, 2.6085663, 9.42746 0.26805115, 2.5039673, 9.741272 0.2288208, 2.5824127, 9.388245 0.2942047, 2.5824127, 9.50592 0.28112793, 2.5693512, 9.64975 0.24189758, 2.6739502, 9.4405365 0.26805115, 2.6347198, 9.375153 0.20266724, 2.6608734, 9.492828 0.16343689, 2.726242, 9.532059 0.1242218, 2.6739502, 9.5451355 0.21574402, 2.6739502, 9.375153 0.26805115, 2.6477966, 9.492844 0.30726624, 2.7131653, 9.414383 0.47724915, 2.8569946, 9.20517 0.5818634, 2.896225, 9.505905 0.6995392, 2.961609, 9.3359375 0.5818634, 2.9877625, 9.401306 0.5164795, 2.9354553, 9.414383 0.5034027, 2.9877625, 9.165955 0.5295563, 2.9223785, 9.662827 0.4118805, 3.1446686, 9.46669 0.55570984, 3.3015747, 9.309784 0.6733856, 3.550003, 9.113647 0.7779846, 3.6415405, 9.270554 0.84336853, 3.7330627, 9.205185 0.9479828, 3.8507385, 8.825989 0.9871979, 3.9030457, 9.139801 1.2356415, 4.3606873, 8.31604 1.3140869, 4.164551, 8.969818 0.9741211, 4.1384125, 8.459869 0.6864624, 3.9684143, 8.956741 0.5164795, 3.8507385, 8.682159 0.13729858, 3.3669586, 9.3359375 -0.6472473, 3.1446686, 9.597443 -0.35957336, 3.7592163, 8.891373 -0.25497437, 3.5761566, 9.165955 -0.21574402, 3.4846344, 8.825989 -0.6995392, 3.550003, 8.825989 -1.3271637, 3.5238647, 8.786758 -1.2879333, 3.6284637, 8.381409 -0.8564453, 3.510788, 8.799835 -0.63417053, 3.510788, 9.453613 -0.71261597, 3.5630798, 8.825989 -0.73876953, 3.340805, 9.218246 -0.46417236, 3.2754211, 9.780502 -0.0065460205, 3.4061737, 10.656555 0.13729858, 3.497696, 10.826538 0.7649231, 2.66084975 -2.0855408, 2.791626, 8.31604 -1.1702576, 3.118515, 9.401306 -1.1964111, 3.6676788, 9.767426 -1.0133514, 3.876892, 9.349014 -1.4971466, 3.8899689, 9.610519 -1.1702576, 4.2299347, 10.57811 -1.2879333, 3.2231293, 11.28418 -1.1048889, 1.470993, 9.20517 0.11114502, 1.0656586, 7.936844 -0.7910614, 2.2555237, 8.09375 -0.3334198, 3.445404, 9.322861 0.084991455, 3.0923615, 7.544586 0.64723206, 3.1054382, 9.035187 0.34651184, 2.569336, 10.6957855 0.62109375, 3.4846344, 8.603699 0.45111084, 3.9945831, 9.087494 -0.28112793, 4.53067, 9.662811 -1.7455902, 5.302124, 9.898178 -1.5625305, 4.5829773, 9.179031 -0.81721497, 2.360138, 10.2642975 -1.5102234, 1.4971466, 9.479767 -1.431778, 2.137848, 8.041458 -0.81721497, 2.6347198, 8.368332 -1.0133514, 3.1708221, 8.590622 -1.6278992, 3.3931122, 7.753784 -2.0463104, 3.1054382, 8.27681 -2.190155, 2.9746857, 10.538879 -1.4056244, 3.6807556, 9.4405365 -1.261795, 3.667694, 10.107391 -1.9547882, 4.112259, 9.5451355 -1.7848053, 4.609131, 10.055084 -0.34649658, 3.8507538, 8.6167755 -0.34649658, 0.89567566, 10.630402 -0.5164795, 2.1116943, 9.349014 -0.84336853, 3.223114, 7.7407227 -0.8564453, 2.9877625, 9.793579 -0.38572693, 3.2492676, 9.754349 -0.34649658, 3.3800354, 9.218262 0.09806824, 3.6938324, 7.9499207 0.07191467, 3.7853699, 8.198364 -0.28112793, 4.2299347, 8.603699 -0.7649231, 4.8314056, 8.878281 -0.5687866, 4.922943, 9.179031 0.54263306, 4.766037, 9.348999 0.8825989, 4.112259, 9.479767 -0.81721497, 2.948532, 9.06134 -0.43803406, 3.4584808, 8.420639 -0.032684326, 3.876892, 7.714569 -1.4186859, 3.3015747, 8.656006 -1.7717438, 3.7330627, 9.309784 -0.7910614, 4.046875, 8.982895 -0.9218292, 3.9684296, 8.747528 -0.62109375, 4.216858, 8.459869 -1.1179504, 4.151474, 8.982895 -1.0918121, 4.099182, 8.943665 -1.1702576, 4.164566, 8.917511 -1.8240356, 4.5045166, 7.976074 -2.4255066, 5.1059875, 9.479767 -2.2686005, 4.099182, 9.165939 -0.5164795, 2.020172, 12.304077 1.1964111, 2.8177795, 10.1596985 0.9741211, 0.9871979, 7.047714 1.4579163, 1.3140869, 10.303528 1.4579163, 3.3015747, 8.682144 0.46418762, 2.7001038, 9.113647 0.3334198, 2.8047028, 9.623596 -0.35957336, 3.0792847, 8.551407 -0.9479828, 3.1315918, 9.532074 -1.0264282, 3.1446686, 10.408127 -1.6148224, 3.615387, 10.499649 -0.5034027, 3.7853699, 10.146606 -0.84336853, 2.3731995, 9.597443 -1.2225647, 2.0855408, 7.3484497 -1.4971466, 2.137848, 8.263733 -2.7393188, 2.7000885, 8.930588 -2.948532, 3.6023102, 8.342194 -1.144104, 3.4323273, 9.074417 -0.032684326, 3.4192505, 9.492844 -0.3334198, 4.099182, 8.839066 -0.9218292, 4.6614227, 9.113647 -1.8371124, 4.3606873, 10.068161 -1.6932831, 4.1384125, 10.238144 -0.43803406, 3.550003, 9.636673 -0.04576111, 1.6671295, 10.787323 0.13729858, 1.9417114, 8.159134 -0.3988037, 2.9093018, 7.6230316 -1.0264282, 3.2100372, 9.479767 -1.039505, 2.948532, 10.133545 -0.5687866, 3.0400696, 9.257477 0.26805115, 3.4977112, 8.407562 -0.07191467, 3.5238647, 7.714569 -0.9218292, 3.6415405, 7.766861 -2.0594025, 3.0923615, 9.728195 -1.2225647, 2.5824127, 11.061905 0.11114502, 2.5562592, 11.127274 1.9286346, 3.183899, 9.571289 3.5238647, 4.282242, 9.113647 2.569336, 3.8246002, 10.002792 0.7649231, 3.1054382, 7.766861 -1.0264282, 2.5431824, 7.060791 -2.5301208, 1.7063599, 9.702042 -2.8308563, 2.360138, 10.931152 -0.9610443, 3.223114, 9.950485 1.3140869, 3.7984467, 8.891357 0.24189758, 3.5761566, 8.13298 -0.50341797, 3.445404, 8.211441 -1.5233002, 3.1708221, 8.799835 -3.0269775, 2.3862915, 9.022125 -4.282242, 2.033249, 8.695236 -3.1838837, 2.6608734, 8.747528 -2.1509247, 3.4846344, 8.603699 -2.0463257, 3.9945831, 9.06134 -2.948532, 4.2560883, 9.165955 -1.6932831, 2.2293854, 8.878281 -1.3271637, 0.5034027, 13.716232 0.25497437, 1.2094879, 8.146057 -0.8564453, 2.0594025, 10.081238 -0.7518463, 2.9746857, 10.342743 -1.4187012, 3.118515, 8.943665 -1.1571808, 3.4584808, 8.041458 0.21574402, 4.9360046, 9.113647 0.09806824, 4.75296, 9.074417 -2.072464, 2.843933, 9.64975 -1.7063599, 5.0798492, 8.525253 1.4056244, 6.3743286, 6.629303 0.3988037, 4.543747, 7.060791 -0.09806824, 3.7592163, 10.146622 1.4579315, 3.876892, 7.16539 0.9871979, 3.6807709, 6.733902 1.1702576, 4.8967896, 7.544586 1.9155731, 5.68132, 9.375153 0.81721497, 4.635269, 12.774796 1.9286346, 3.1969757, 12.604813 2.124771, 1.5494537, 9.898178 1.0133514, 2.9093018, 8.420639 0.20266724, 2.8962402, 7.884552 -0.89567566, 2.2424622, 7.16539 -1.2748566, 2.8177795, 7.283081 0.42495728, 3.8115234, 8.982895 0.43803406, 4.203781, 13.520096 -0.7779999, 4.8314056, 10.225067 -2.5824127, 4.373764, 5.4917145 -1.9155731, 2.3862915, 5.8316803 3.6284637, 1.0787354, 16.59285 1.1048889, 2.1116943, 13.40242 -3.3800201, 2.0463257, 5.9755096 -3.3015747, 1.5494537, 1.5298462 7.3157654, 2.7785492, 8.7213745 8.453339, 4.203781, 9.702042 4.439148, 4.3476105, 5.3348083 5.7336273, 4.3999176, 4.4456787 12.441376, 4.9360046, 11.885666 11.277649, 5.1582947, 9.610519 4.93602, 3.223114, 6.2762604 -6.6358337, 1.3271637, -1.8044281 0.17651367, -0.60801697, 5.5047913 16.717072, 2.7001038, 12.696335 12.637497, 4.033798, 10.8003845 -1.6540527, 1.8894196, 8.27681 -5.537491, -0.04576111, 3.556549 11.17305, 1.0002747, 7.5184326 15.265686, 3.3800201, 11.4149475 3.2754211, 1.5102234, 9.858948 -12.585205, -2.2163086, 7.727646 3.5761566, -11.761444, 10.094315 17.357773, -4.2953186, 17.586594 5.576721, -5.629013, 7.7930145 -12.977463, -7.76033, 10.656555 7.930313, -9.5516815, 13.415497 15.174149, -1.3271637, 3.7003784 -0.8564453, -7.76033, 6.1062775 -13.984283, -13.21283, 16.435944 11.395325, -9.577835, 9.349014 14.376541, -3.6284637, 9.754349 -11.447632, -13.592026, 6.733902 -2.5039673, -10.218536, 9.218246 15.579498, 1.470993, 7.1000214 -2.9223785, -6.008209, 8.09375 -5.64209, -5.4851837, 12.5525055 7.9564514, 0.5818634, 9.42746 3.5238647, -0.20266724, 8.590622 -0.2942047, -0.9610443, 9.453613 0.18959045, 0.09806824, 8.603699 0.2288208, -0.49032593, 8.917511 1.9024811, -0.34649658, 6.943115 10.087769, 0.11114502, 7.38768 14.271942, -2.6608734, 15.586044 -1.6671295, -9.420929, 11.074982 -14.873413, -6.112808, 12.87941 5.1059875, -12.611359, 13.899292 12.833633, -5.5113373, 16.81514 -7.054245, -12.480591, 9.074432 -10.872299, -11.068436, 14.539993 13.343582, -4.5045166, 11.074982 4.93602, -10.885376, 9.139801 -15.017258, -14.062744, 8.642929 1.4187012, -12.598282, 9.793579 12.519821, -6.8188934, 12.931702 -7.3026886, -16.429413, 3.3604126 -10.7677, -14.258865, 12.225632 13.369736, -2.3470612, 4.484909 3.667694, -12.297531, 6.407013 -16.207123, -14.938797, 5.910141 1.8109589, -11.539154, 5.204071 14.232727, -6.7535095, 10.669632 -2.2032318, -17.436234, 0.5491638 -16.063293, -11.460709, 11.820282 10.048553, -8.178741, 5.6224823 7.0150146, -14.324249, 9.924332 -13.866608, -14.611908, 5.478653 -1.8240356, -10.963837, 7.8060913 13.539719, -4.6875763, 6.511612 -4.3606873, -15.697174, 2.902771 -15.10878, -9.773956, 12.173325 11.081512, -9.277084, 9.179016 7.067322, -8.231049, 11.375717 -10.493118, -11.146896, 2.8504639 -11.146896, -10.440811, 10.002792 12.912094, -7.067322, 15.638336 4.5045166, -9.067886, 11.074982 -10.741547, -9.185562, 10.447357 1.863266, -5.3805847, 12.055649 5.7205505, -1.3533173, 9.885101 2.2686005, -0.04576111, 6.629303 0.8041382, 1.4317627, 6.6554413 -0.13729858, 2.242447, 6.8123627 -0.7910614, 2.7654724, 7.766876 -0.28112793, 3.0792847, 8.224518 0.05883789, 3.5369263, 8.27681 -0.34649658, 3.719986, 8.329117 0.55570984, 4.439148, 6.6423798 1.6017456, 3.3669434, 8.381424 1.4187012, 1.8109589, 12.107941 2.6085663, -0.019607544, 13.781616 3.3146515, 0.49032593, 10.656555 3.5630798, 1.2094879, 10.408127 2.9354553, 1.4579163, 9.309784 2.0855408, 1.5494537, 8.106827 2.1509247, 1.7848053, 7.8583984 2.360138, 2.0724792, 7.544586 2.0724792, 2.4255066, 6.472397 2.0463257, 3.0008392, 8.054535 2.2686005, 2.3862915, 12.317154 1.0656586, 1.758667, 13.611633 0.15037537, 1.4056244, 11.833359 0.54263306, 1.3271637, 9.231323 0.3988037, 1.1571808, 8.564468 -0.20266724, 0.9871979, 8.629852 -1.3140869, 1.9286346, 9.152878 -0.63417053, 1.9809418, 9.597443 1.6278992, 2.0594025, 9.270554 1.5886688, 2.1509247, 7.8583984 2.0070953, 2.2816772, 7.832245 2.399353, 2.5039673, 8.302963 2.137848, 3.1315918, 7.4269104 2.0724792, 3.9815063, 9.937408 2.8831635, 4.00766, 16.697464 3.6938477, 3.2361908, 14.330795 3.6284637, -0.5164795, 11.702606 2.242447, -2.5301208, 6.9823303 3.2754211, -1.6148224, 7.557663 4.3999176, 0.17652893, 7.5838165 4.439148, 0.1242218, 10.028931 4.648361, 0.2288208, 9.152878 4.046875, 0.46417236, 8.13298 3.066208, 0.46417236, 8.904434 2.8047028, 0.92181396, 7.38768 2.360138, 1.2487183, 5.975525 4.635269, 2.0594025, 6.6554413 5.197525, 2.6739502, 9.42746 5.7074738, 3.000824, 9.479752 4.7398834, 2.7262573, 8.381409 2.5301208, 1.967865, 7.3484497 2.7001038, -0.4118805, 4.053406 6.465851, -1.4187012, 0.92836 15.239532, 0.5949402, -3.1511993 19.332184, 2.3470612, -3.504242 16.586319, 0.79107666, -4.328003 9.120178, -2.3078308, -3.9488068 3.393097, -3.2754211, -4.968704 0.04576111, -2.5954895, -5.1648407 2.3862915, -2.1640015, -6.393936 11.238419, -1.3271637, -9.597443 16.18097, 1.536377, -10.028931 11.434555, 1.431778, -7.505356 9.891647, -1.039505, -5.151764 8.270279, -1.4971466, -4.262619 8.348724, 0.5034027, -3.6349945 8.074142, 1.758667, 2.3928223 5.694397, 1.8501892, 6.4331665 2.3470612, 1.8371124, 5.7793884 1.470993, 1.6932831, 8.6167755 -0.3988037, 1.3140869, 11.127274 -1.3271637, 2.0070953, 9.087494 -1.8371124, 2.6608734, 9.858948 -1.6148224, 3.5892334, 9.388229 -0.5949402, 4.386841, 9.64975 -1.0918121, 3.4323273, 8.551392 -1.2879486, 3.393097, 8.263733 -1.9417267, 3.9945831, 6.289337 -2.7393188, 4.386841, 6.786209 -2.2032318, 4.1253357, 8.106827 -1.7717285, 4.75296, 7.936844 -2.6085663, 4.5699005, 8.185287 -2.6085663, 4.4653015, 8.185287 -2.0070953, 4.922943, 8.159134 -1.6671295, 5.3936615, 8.185287 -2.0855408, 5.315201, 8.682159 -1.7848053, 5.64209, 8.812912 -1.758667, 5.367508, 9.074417 -0.49032593, 4.6614227, 11.36264 0.7779999, 3.8507538, 9.28363 0.5295563, 2.621643, 7.8453217 0.3072815, 2.621643, 8.53833 0.60801697, 3.2623444, 8.577545 -0.2942047, 3.9945831, 9.139801 -1.2356415, 3.6938324, 8.433716 -0.20266724, 4.0207214, 6.9823456 -0.019607544, 4.426071, 7.8060913 0.26805115, 4.2299347, 9.349014 0.032684326, 4.543747, 10.35582 -1.1048889, 5.2236786, 9.963562 -1.1571808, 4.6875763, 9.767426 -0.32034302, 3.7330627, 9.793579 -1.6278992, 2.791626, 10.21199 -2.3862762, 2.3339844, 8.878281 -3.013916, 2.085556, 6.5508423 -3.4846344, 1.7194366, 7.5838165 -3.4584808, 2.0986328, 9.911255 -2.8700867, 3.1054382, 9.2444 -2.4908905, 3.1838837, 8.564468 -1.9809418, 3.288498, 8.459869 -2.0594025, 3.5761566, 8.446793 -1.5102234, 3.8899689, 8.969818 -1.0787354, 3.8246002, 8.943665 -1.536377, 4.7398834, 9.911255 -0.62109375, 5.145218, 9.113647 -0.71261597, 4.426071, 9.806656 0.11114502, 2.621643, 10.35582 1.0787354, 2.5301056, 8.028381 1.1571808, 2.3732147, 7.662262 1.0656586, 2.8047028, 9.205185 -0.25497437, 2.7654724, 9.584366 0.30726624, 3.340805, 8.917526 0.46417236, 3.5369263, 8.852142 0.38572693, 3.7069092, 9.048264 0.5034027, 4.1384125, 9.100571 0.38572693, 4.1384125, 9.518997 -0.13729858, 4.5045166, 10.002792 -1.144104, 5.0013885, 9.270554 -0.25497437, 4.5175934, 9.257477 -0.47724915, 3.4977112, 9.401306 -1.1964111, 2.9746857, 8.773682 -2.1509247, 2.4516602, 8.669083 -2.948532, 2.3209076, 7.7930145 -2.896225, 2.464737, 8.538315 -1.8109589, 3.3538666, 8.342194 -1.8894196, 3.445404, 8.250656 -2.190155, 3.013916, 9.50592 -2.0070953, 3.4846344, 9.728195 -1.7848053, 4.2560883, 9.296707 -1.9155731, 4.1514893, 9.793564 -1.4840698, 4.216858, 9.702042 -0.5034027, 4.059952, 10.512726 0.13729858, 2.948532, 10.630417 1.1571808, 2.399353, 7.9499207 2.124771, 2.4908905, 7.6884155 0.60801697, 2.8308563, 8.956741 -0.76490784, 3.1446686, 9.074417 0.34649658, 3.824585, 8.015305 0.5034027, 4.00766, 8.067596 0.72569275, 4.1384125, 9.06134 0.8564453, 3.9291992, 9.349014 -0.13728333, 4.49144, 9.4405365 -1.7194366, 5.106003, 9.819733 -0.83029175, 5.0013885, 10.238144 0.7518463, 4.439148, 8.669083 1.261795, 3.0792847, 9.715118 -0.7779999, 2.3732147, 8.564484 -2.6739502, 2.0986176, 7.6884155 -2.7523956, 1.7586517, 9.139801 -1.4448547, 2.4516602, 9.5451355 -0.9741211, 3.3669434, 9.035187 -0.46417236, 3.7853699, 9.009048 -0.20266724, 4.033798, 8.825989 -0.032684326, 4.046875, 8.368347 -0.15037537, 3.942276, 8.603699 0.45111084, 4.269165, 9.009048 1.2356415, 3.8638153, 11.231888 1.366394, 2.7001038, 11.088058 2.020172, 1.863266, 9.911255 1.9940186, 1.9155579, 6.7077484 0.9610443, 2.3862915, 6.5900726 0.43803406, 2.7785492, 8.865204 -0.6733856, 3.4192505, 9.192108 -1.2225647, 3.9815063, 10.813461 -0.71261597, 4.2560883, 12.029495 -0.37265015, 4.2953186, 11.924896 -0.37265015, 4.112259, 10.944229 -0.7518463, 3.6546173, 10.198914 -1.9155731, 3.3277283, 8.982895 -0.81721497, 2.8439178, 8.054535 -0.3334198, 2.4124298, 8.041458 -0.32034302, 2.4516602, 8.472946 -0.90875244, 3.4061737, 7.4269104 -0.80415344, 3.8899689, 7.6884155 -1.2617798, 3.667694, 9.192093 1.366394, 4.1907043, 11.428024 0.7518463, 4.3476105, 6.681595 0.32035828, 4.7268066, 7.3092194 0.72569275, 6.2566376, 7.2046204 2.5562592, 7.276535, 8.969818 2.621643, 6.361252, 10.055084 2.0986176, 4.5699005, 10.39505 1.1702576, 3.3538818, 8.695236 -0.43803406, 4.00766, 4.105713 -0.9610596, 4.8967896, 5.857849 0.66030884, 4.3999176, 10.17276 1.4056091, 4.6744995, 9.5451355 -0.97413635, 